Geracao 1:
O vencedor foi:
1: [-0,806
;1,000;0,161;-0,032
;0,871;-0,419;0,677
;0,032;0,355;1,000
;0,226;-0,419]

Geracao 2:
O vencedor foi:
21: [-0,484
;-0,097;-0,226;-0,935
;0,935;-1,000;-1,000
;1,000;1,000;-1,000
;0,161;0,226]

Geracao 3:
O vencedor foi:
46: [0,484
;0,161;-0,484;-0,290
;-0,290;-0,806;-0,613
;-0,290;0,290;-0,290
;0,290;0,355]

Geracao 4:
O vencedor foi:
61: [-0,677
;0,484;-0,419;-0,742
;0,355;-0,419;0,161
;1,000;0,871;0,226
;0,226;0,806]

Geracao 5:
O vencedor foi:
81: [-0,677
;0,613;0,355;-0,484
;0,290;-0,419;0,161
;1,000;0,871;0,226
;0,226;0,806]

Geracao 6:
O vencedor foi:
101: [0,613
;0,806;1,000;-0,484
;0,290;-0,419;0,161
;1,000;0,871;0,226
;0,226;0,548]

Geracao 7:
O vencedor foi:
121: [-0,161
;0,484;-0,419;-0,677
;0,935;-1,000;-1,000
;1,000;1,000;-1,000
;0,161;0,484]

Geracao 8:
O vencedor foi:
141: [0,613
;-0,226;1,000;-0,226
;0,290;-0,419;0,161
;1,000;0,871;0,226
;0,226;0,548]

Geracao 9:
O vencedor foi:
161: [-0,484
;-0,355;-0,226;-1,000
;0,290;-0,161;0,419
;1,000;0,871;0,226
;0,226;0,806]

Geracao 10:
O vencedor foi:
181: [-0,484
;-0,097;-0,226;-0,935
;0,935;-1,000;-1,000
;1,000;1,000;-1,000
;0,161;0,226]

Geracao 11:
O vencedor foi:
201: [-0,484
;-0,097;-0,226;-1,000
;0,290;-0,419;0,161
;0,871;0,871;0,097
;0,226;0,806]

Geracao 12:
O vencedor foi:
224: [-0,419
;-0,097;-0,742;-0,935
;-0,097;0,032;-1,000
;0,935;1,000;-1,000
;0,161;0,226]

Geracao 13:
O vencedor foi:
241: [-0,419
;-0,355;-0,226;-1,000
;0,290;-0,161;0,419
;1,000;0,871;0,226
;0,226;0,806]

Geracao 14:
O vencedor foi:
261: [-0,484
;-0,097;-0,226;-0,935
;0,677;-1,000;-1,000
;1,000;1,000;-1,000
;0,161;0,226]

Geracao 15:
O vencedor foi:
281: [-0,419
;-0,097;-0,226;-1,000
;0,290;-0,484;0,161
;0,871;0,871;0,097
;0,226;0,806]

Geracao 16:
O vencedor foi:
301: [0,548
;-0,355;-0,226;-1,000
;0,290;-0,484;0,161
;0,871;0,871;0,226
;0,226;0,806]

Geracao 17:
O vencedor foi:
321: [-0,419
;-0,097;-0,226;-0,935
;0,935;-0,871;-0,935
;0,935;1,000;-1,000
;0,161;0,226]

Geracao 18:
O vencedor foi:
351: [-0,484
;-0,097;-0,226;-1,000
;0,290;-0,484;0,161
;0,871;0,355;0,097
;0,226;0,806]

Geracao 19:
O vencedor foi:
361: [0,548
;-0,097;-0,226;-0,935
;0,419;-0,484;-1,000
;1,000;1,000;0,032
;-0,871;-0,806]

Geracao 20:
O vencedor foi:
381: [0,548
;-0,097;-0,226;-1,000
;0,290;-0,484;0,161
;1,000;0,871;0,226
;0,484;0,806]

Geracao 21:
O vencedor foi:
401: [0,548
;-0,097;-0,226;-1,000
;0,290;-0,161;0,419
;1,000;0,871;0,226
;0,226;0,806]

Geracao 22:
O vencedor foi:
423: [0,548
;-0,097;-0,226;-0,935
;0,677;-1,000;-1,000
;0,871;1,000;-0,742
;0,161;0,226]

Geracao 23:
O vencedor foi:
441: [-1,000
;-0,097;-0,226;-1,000
;0,290;0,548;0,161
;0,871;0,871;0,097
;0,161;0,806]

Geracao 24:
O vencedor foi:
461: [0,548
;-0,097;-0,226;-1,000
;0,290;-0,677;0,419
;1,000;0,871;0,226
;0,226;0,806]

Geracao 25:
O vencedor foi:
481: [0,548
;-0,097;-0,226;-0,935
;0,419;-0,484;-1,000
;1,000;1,000;0,032
;-0,871;-0,290]

Geracao 1:
O vencedor foi:
1: [-0,806
;1,000;0,161;-0,032
;0,871;-0,419;0,677
;0,032;0,355;1,000
;0,226;-0,419]

Geracao 2:
O vencedor foi:
21: [-0,484
;-0,097;-0,226;-0,935
;0,935;-1,000;-1,000
;1,000;1,000;-1,000
;0,161;0,226]

Geracao 3:
O vencedor foi:
46: [0,484
;0,161;-0,484;-0,290
;-0,290;-0,806;-0,613
;-0,290;0,290;-0,290
;0,290;0,355]

Geracao 4:
O vencedor foi:
61: [-0,677
;0,484;-0,419;-0,742
;0,355;-0,419;0,161
;1,000;0,871;0,226
;0,226;0,806]

Geracao 5:
O vencedor foi:
81: [-0,677
;0,613;0,355;-0,484
;0,290;-0,419;0,161
;1,000;0,871;0,226
;0,226;0,806]

Geracao 6:
O vencedor foi:
101: [0,613
;0,806;1,000;-0,484
;0,290;-0,419;0,161
;1,000;0,871;0,226
;0,226;0,548]

Geracao 7:
O vencedor foi:
121: [-0,161
;0,484;-0,419;-0,677
;0,935;-1,000;-1,000
;1,000;1,000;-1,000
;0,161;0,484]

Geracao 8:
O vencedor foi:
141: [0,613
;-0,226;1,000;-0,226
;0,290;-0,419;0,161
;1,000;0,871;0,226
;0,226;0,548]

Geracao 9:
O vencedor foi:
161: [-0,484
;-0,355;-0,226;-1,000
;0,290;-0,161;0,419
;1,000;0,871;0,226
;0,226;0,806]

Geracao 10:
O vencedor foi:
181: [-0,484
;-0,097;-0,226;-0,935
;0,935;-1,000;-1,000
;1,000;1,000;-1,000
;0,161;0,226]

Geracao 11:
O vencedor foi:
201: [-0,484
;-0,097;-0,226;-1,000
;0,290;-0,419;0,161
;0,871;0,871;0,097
;0,226;0,806]

Geracao 12:
O vencedor foi:
224: [-0,419
;-0,097;-0,742;-0,935
;-0,097;0,032;-1,000
;0,935;1,000;-1,000
;0,161;0,226]

Geracao 13:
O vencedor foi:
241: [-0,419
;-0,355;-0,226;-1,000
;0,290;-0,161;0,419
;1,000;0,871;0,226
;0,226;0,806]

Geracao 14:
O vencedor foi:
261: [-0,484
;-0,097;-0,226;-0,935
;0,677;-1,000;-1,000
;1,000;1,000;-1,000
;0,161;0,226]

Geracao 15:
O vencedor foi:
281: [-0,419
;-0,097;-0,226;-1,000
;0,290;-0,484;0,161
;0,871;0,871;0,097
;0,226;0,806]

Geracao 16:
O vencedor foi:
301: [0,548
;-0,355;-0,226;-1,000
;0,290;-0,484;0,161
;0,871;0,871;0,226
;0,226;0,806]

Geracao 17:
O vencedor foi:
321: [-0,419
;-0,097;-0,226;-0,935
;0,935;-0,871;-0,935
;0,935;1,000;-1,000
;0,161;0,226]

Geracao 18:
O vencedor foi:
351: [-0,484
;-0,097;-0,226;-1,000
;0,290;-0,484;0,161
;0,871;0,355;0,097
;0,226;0,806]

Geracao 19:
O vencedor foi:
361: [0,548
;-0,097;-0,226;-0,935
;0,419;-0,484;-1,000
;1,000;1,000;0,032
;-0,871;-0,806]

Geracao 20:
O vencedor foi:
381: [0,548
;-0,097;-0,226;-1,000
;0,290;-0,484;0,161
;1,000;0,871;0,226
;0,484;0,806]

Geracao 21:
O vencedor foi:
401: [0,548
;-0,097;-0,226;-1,000
;0,290;-0,161;0,419
;1,000;0,871;0,226
;0,226;0,806]

Geracao 22:
O vencedor foi:
423: [0,548
;-0,097;-0,226;-0,935
;0,677;-1,000;-1,000
;0,871;1,000;-0,742
;0,161;0,226]

Geracao 23:
O vencedor foi:
441: [-1,000
;-0,097;-0,226;-1,000
;0,290;0,548;0,161
;0,871;0,871;0,097
;0,161;0,806]

Geracao 24:
O vencedor foi:
461: [0,548
;-0,097;-0,226;-1,000
;0,290;-0,677;0,419
;1,000;0,871;0,226
;0,226;0,806]

Geracao 25:
O vencedor foi:
481: [0,548
;-0,097;-0,226;-0,935
;0,419;-0,484;-1,000
;1,000;1,000;0,032
;-0,871;-0,290]

Geracao 26:
O vencedor foi:
501: [-0,742
;-0,097;-0,226;0,032
;0,290;-0,677;0,419
;1,000;0,871;0,226
;0,226;0,806]

